Metodo de Euler
y(0.0) = 0.0
h = 0.1
0 0.0
1 0.1
2 0.23
3 0.402
4 0.6328
5 0.9459200000000001
6 1.3742880000000002
7 1.9640032
8 2.77960448
9 3.911446272
10 5.4860247808
11 7.6804346931200005
12 10.742608570368
13 15.0196519985152
14 20.99751279792128
15 29.356517917089796
16 41.049125083925716
17 57.408775117496006
18 80.3022851644944
19 112.34319923029217
20 157.19047892240906

Metodo de Euler Inverso
y(0.0) = 0.0
h = 0.1
0 0.0
1 0.13
2 0.31880000000000003
3 0.5993280000000001
4 1.0229516800000003
5 1.6698046208000004
6 2.6648952084480007
7 4.203236525178881
8 6.589048979279054
9 10.296916407675326
10 16.06718959597351
11 25.054815769718676
12 39.061512600761134
13 60.89795965718737
14 94.9488170652123
15 148.0541546217312
16 230.88448120990066
17 360.085790687445
18 561.6258334724142
19 876.0143002169661
20 1366.4463083384671

Metodo de Euler Aprimorado
y(0.0) = 0.0
h = 0.1
0 0.0
1 0.11499999999999999
2 0.2732
3 0.495336
4 0.8120972800000001
5 1.2689039744000001
6 1.9329778821120003
7 2.9038072655257605
8 4.328634752978125
9 6.425379434407626
10 9.516561562923286
11 14.079511113126465
12 20.820676447427168
13 30.78560114219221
14 45.521689690444475
15 67.31910074185782
16 99.56726909794958
17 147.28255826496536
18 217.88918623214875
19 322.37499562358016
20 477.00199352289866

Metodo de Rugen Kutta
y(0.0) = 0.0
h = 0.1
0 0.0
1 0.1172
2 0.27973781333333336
3 0.5099075540764445
4 0.8409660953343014
5 1.3225238232800218
6 2.0285862046475844
7 3.0695496610129567
8 4.610096214321728
9 6.895887526110865
10 10.293385285617115
11 15.349252610064571
12 22.87896509352032
13 34.098994862174045
14 50.82399393573377
15 75.76093922039858
16 112.94791839970924
17 168.40868147412627
18 251.1290571110033
19 374.513505461054
20 558.5579065464362

